%PDF-1.7

1 0 obj
  << >>
endobj

2 0 obj
  << /Length 3 0 R >>
stream
/DeviceRGB CS
/DeviceRGB cs
q
1.000000 0.000000 -0.000000 1.000000 4.500000 4.500000 cm
0.654199 0.654199 0.654199 scn
13.500000 19.500000 m
13.500000 20.604568 12.604569 21.500000 11.500000 21.500000 c
10.395431 21.500000 9.500000 20.604568 9.500000 19.500000 c
9.500000 18.395432 10.395431 17.500000 11.500000 17.500000 c
12.604569 17.500000 13.500000 18.395432 13.500000 19.500000 c
h
15.000000 19.500000 m
15.000000 21.432997 13.432997 23.000000 11.500000 23.000000 c
9.567003 23.000000 8.000000 21.432997 8.000000 19.500000 c
8.000000 17.567003 9.567003 16.000000 11.500000 16.000000 c
13.432997 16.000000 15.000000 17.567003 15.000000 19.500000 c
h
13.500000 3.500000 m
13.500000 4.604568 12.604569 5.500000 11.500000 5.500000 c
10.395431 5.500000 9.500000 4.604568 9.500000 3.500000 c
9.500000 2.395432 10.395431 1.500000 11.500000 1.500000 c
12.604569 1.500000 13.500000 2.395432 13.500000 3.500000 c
h
15.000000 3.500000 m
15.000000 5.432997 13.432997 7.000000 11.500000 7.000000 c
9.567003 7.000000 8.000000 5.432997 8.000000 3.500000 c
8.000000 1.567003 9.567003 0.000000 11.500000 0.000000 c
13.432997 0.000000 15.000000 1.567003 15.000000 3.500000 c
h
19.500000 13.500000 m
20.604568 13.500000 21.500000 12.604569 21.500000 11.500000 c
21.500000 10.395431 20.604568 9.500000 19.500000 9.500000 c
18.395432 9.500000 17.500000 10.395431 17.500000 11.500000 c
17.500000 12.604569 18.395432 13.500000 19.500000 13.500000 c
h
19.500000 15.000000 m
21.432997 15.000000 23.000000 13.432997 23.000000 11.500000 c
23.000000 9.567003 21.432997 8.000000 19.500000 8.000000 c
17.567003 8.000000 16.000000 9.567003 16.000000 11.500000 c
16.000000 13.432997 17.567003 15.000000 19.500000 15.000000 c
h
5.500000 11.500000 m
5.500000 12.604569 4.604569 13.500000 3.500000 13.500000 c
2.395431 13.500000 1.500000 12.604569 1.500000 11.500000 c
1.500000 10.395431 2.395431 9.500000 3.500000 9.500000 c
4.604569 9.500000 5.500000 10.395431 5.500000 11.500000 c
h
7.000000 11.500000 m
7.000000 13.432997 5.432997 15.000000 3.500000 15.000000 c
1.567003 15.000000 0.000000 13.432997 0.000000 11.500000 c
0.000000 9.567003 1.567003 8.000000 3.500000 8.000000 c
5.432997 8.000000 7.000000 9.567003 7.000000 11.500000 c
h
f*
n
Q

endstream
endobj

3 0 obj
  2218
endobj

4 0 obj
  << /Annots []
     /Type /Page
     /MediaBox [ 0.000000 0.000000 32.000000 32.000000 ]
     /Resources 1 0 R
     /Contents 2 0 R
     /Parent 5 0 R
  >>
endobj

5 0 obj
  << /Kids [ 4 0 R ]
     /Count 1
     /Type /Pages
  >>
endobj

6 0 obj
  << /Pages 5 0 R
     /Type /Catalog
  >>
endobj

xref
0 7
0000000000 65535 f
0000000010 00000 n
0000000034 00000 n
0000002308 00000 n
0000002331 00000 n
0000002504 00000 n
0000002578 00000 n
trailer
<< /ID [ (some) (id) ]
   /Root 6 0 R
   /Size 7
>>
startxref
2637
%%EOF